Training set 1: All Labeled
Configuration: {'class_weight': None}, Score: 0.7434996486296557
Configuration: {'class_weight': {0: 79.84615384615384, 1: 106.76923076923077, 2: 13.461538461538462, 3: 1.0, 4: 3.6153846153846154, 5: 6.538461538461538, 6: 7.6923076923076925}}, Score: 0.72487702037948
Best Score: 0.7434996486296557

Training set 2: 10% Labeled
Configuration: {'class_weight': None}, Score: 0.60646521433591
Configuration: {'class_weight': {0: 79.84615384615384, 1: 106.76923076923077, 2: 13.461538461538462, 3: 1.0, 4: 3.6153846153846154, 5: 6.538461538461538, 6: 7.6923076923076925}}, Score: 0.5885453267744203
Best Score: 0.60646521433591

Model 1

Labels Mapping: [(0, 'Spruce/Fir'), (1, 'Lodgepole Pine'), (2, 'Ponderosa Pine'), (3, 'Cottonwood/Willow'), (4, 'Aspen'), (5, 'Douglas Fir'), (6, 'Krummholz')]

              precision    recall  f1-score   support

           0     0.7599    0.7662    0.7630      4131
           1     0.8579    0.6871    0.7630      5525
           2     0.8159    0.8264    0.8211       697
           3     0.5455    1.0000    0.7059        54
           4     0.2412    0.9297    0.3831       185
           5     0.5471    0.8909    0.6779       339
           6     0.5753    0.9650    0.7208       400

    accuracy                         0.7458     11331
   macro avg     0.6204    0.8665    0.6907     11331
weighted avg     0.7887    0.7458    0.7561     11331

[[3165  616    5    0   71   16  258]
 [ 985 3796  104    4  457  152   27]
 [   0    1  576   32   10   78    0]
 [   0    0    0   54    0    0    0]
 [   1    7    1    0  172    4    0]
 [   0    5   20    9    3  302    0]
 [  14    0    0    0    0    0  386]]

Model 2

Labels Mapping: [(0, 'Spruce/Fir'), (1, 'Lodgepole Pine'), (2, 'Ponderosa Pine'), (3, 'Cottonwood/Willow'), (4, 'Aspen'), (5, 'Douglas Fir'), (6, 'Krummholz')]

              precision    recall  f1-score   support

           0     0.6486    0.6112    0.6294      4131
           1     0.7728    0.5443    0.6387      5525
           2     0.7043    0.6528    0.6776       697
           3     0.3617    0.9444    0.5231        54
           4     0.1398    0.8378    0.2396       185
           5     0.3566    0.7080    0.4743       339
           6     0.3671    0.8975    0.5210       400

    accuracy                         0.5994     11331
   macro avg     0.4787    0.7423    0.5291     11331
weighted avg     0.6842    0.5994    0.6215     11331

[[2525  856    6    0  189   20  535]
 [1332 3007  115    5  736  246   84]
 [   0    3  455   66   19  154    0]
 [   0    0    1   51    0    2    0]
 [   2   15    2    0  155   11    0]
 [   0    6   66   19    8  240    0]
 [  34    4    1    0    2    0  359]]
